0
0.1899
0.2373
0.2848
0.3323
0.3797
0.4272
0.4747
0.5221
0.5696
0.6171
0.6645
0.712
0.7595
0.8069
0.8544
0.9019
0.9494
0.9968
1.0443
1.0918
1.1392
1.1867
1.2342
1.2816
1.3291
1.3766
1.424
1.4715
1.519
1.5664
1.6139
1.6614
1.7088
1.7563
1.8038
1.8512
1.8987
1.9462
1.9937
2.0411
2.0886
2.1361
2.1835
2.231
2.2785
2.3259
2.3734
2.4209
2.4683
2.5158
2.5633
2.6107
2.6582
2.7057
2.7532
2.8006
2.8481
2.8956
2.943
2.9905
3.038
3.0854
3.1329
3.1804
3.2279
3.2753
3.3228
3.3703
3.4177
3.4652
3.5127
3.5601
3.6076
3.6551
3.7025
3.75
3.7975
3.845
3.8924
3.9399
3.9874
4.0348
4.0823
4.1298
4.1772
4.2247
4.2722
4.3196
4.3671
4.4146
4.4621
4.5095
4.557
4.6045
4.6519
4.6994
4.7469
4.7943
4.8418
4.8893
4.9367
4.9842
5.0317
5.0791
5.1266
5.1741
5.2215
5.269
5.3165
5.4589
5.5064
5.5538