62.3713
60.8354
60.4508
60.1387
59.8191
59.4814
59.1553
58.8607
58.5482
58.2569
57.9576
57.6599
57.3448
57.0223
56.7021
56.3838
56.0486
55.688
55.3843
55.0826
54.765
54.413
54.0816
53.7517
53.4509
53.1518
52.8194
52.4811
52.179
51.9126
51.5969
51.2573
50.9371
50.6107
50.2869
49.9732
49.6365
49.3349
49.0347
48.7283
48.4003
48.0585
47.7587
47.4523
47.1174
46.8079
46.4997
46.1637
45.8675
45.5879
45.2877
44.9601
44.6712
44.3401
44.026
43.7348
43.4244
43.1228
42.7952
42.5051
42.2029
41.8817
41.5905
41.3147
41.0061
40.706
40.3949
40.1055
39.8579
39.5718
39.3071
39.0703
38.7953
38.5031
38.2128
37.95
37.682
37.4096
37.1575
36.8823
36.6202
36.3479
36.0955
35.8506
35.5945
35.3469
35.1007
34.8549
34.6283
34.397
34.1783
33.9379
33.7046
33.4721
33.2355
33.0225
32.8281
32.6177
32.4194
32.2111
32.0199
31.8411
31.6463
31.452
31.2645
31.0832
30.9193
30.7556
30.5929
30.4406
29.9883
29.8227
29.6577